121 3
122 3
123 3
124 3
125 3
126 3
127 3
128 3
129 3
130 3
131 3
132 3
133 3
134 3
135 3
136 3
137 3
138 3
139 3
140 3
141 3
142 3
143 3
144 3
145 3
146 3
147 3
148 3
149 3
150 3
151 3
152 3
153 3
154 3
155 3
156 3
157 3
158 3
159 3
160 3
161 3
162 3
163 3
164 3
165 3
166 3
167 3
168 3
169 3
170 3
171 3
172 3
173 3
174 3
175 3
176 3
177 3
178 3
179 4
180 4
181 4
182 4
183 4
184 4
185 4
186 4
187 4
188 4
189 4
190 4
191 4
192 4
193 4
194 4
195 4
196 4
197 4
198 4
199 4
200 4
201 4
202 4
203 4
204 4
205 4
206 4
207 4
208 4
209 4
210 4
211 4
212 4
213 4
214 4
215 4
216 4
217 4
218 4
219 4
220 4
221 4
222 4
223 4
224 4
225 4
226 4
227 4
228 4
229 4
230 4
231 4
232 4
233 4
234 4
235 4
236 4
237 4
238 4
377 8
378 8
379 8
380 8
381 8
382 8
383 8
384 8
385 8
386 8
387 8
388 8
389 8
390 8
391 8
392 8
393 8
394 8
395 8
396 8
397 8
398 8
399 8
400 8
401 8
402 8
403 8
404 8
405 8
406 8
407 8
408 8
409 8
410 8
411 8
412 8
413 8
414 8
415 8
416 8
417 8
418 8
419 8
420 8
421 8
422 8
423 8
424 8
425 9
426 9
427 9
428 9
429 9
430 9
431 9
432 9
433 9
434 9
435 9
436 9
437 9
438 9
439 9
440 9
441 9
442 9
443 9
444 9
445 9
446 9
447 9
448 9
449 9
450 9
451 9
452 9
453 9
454 9
455 9
456 9
457 9
458 9
459 9
460 9
461 9
462 9
463 9
464 9
465 9
466 9
467 9
468 9
469 9
470 9
471 9
472 9
473 9
474 9
475 9
476 9
477 9
478 9
479 9
480 9
481 9
482 9
483 9
484 10
485 10
486 10
487 10
488 10
489 10
490 10
491 10
492 10
493 10
494 10
495 10
496 10
497 10
498 10
499 10
500 10
501 10
502 10
503 10
504 10
505 10
506 10
507 10
508 10
509 10
510 10
511 10
512 10
513 10
514 10
515 10
516 10
517 10
518 10
519 10
520 10
521 10
522 10
523 10
524 10
525 10
526 10
527 10
528 10
529 10
530 10
531 10
532 10
533 10
534 10
535 10
536 10
537 10
538 10
539 10
540 10
541 10
542 10
543 10
604 12
605 12
606 12
607 12
608 12
609 12
610 12
611 12
612 12
613 12
614 12
615 12
616 12
617 12
618 12
619 12
620 12
621 12
622 12
623 12
624 12
625 12
626 12
627 12
628 12
629 12
630 12
631 12
632 12
633 12
634 12
635 12
636 12
637 12
638 12
639 12
640 12
641 12
642 12
643 12
644 12
645 12
646 12
647 12
648 12
649 12
650 12
651 12
652 12
653 12
654 12
655 12
656 12
657 12
658 12
659 12
660 13
661 13
662 13
663 13
664 13
665 13
666 13
667 13
668 13
669 13
670 13
671 13
672 13
673 13
674 13
675 13
676 13
677 13
678 13
679 13
680 13
681 13
682 13
683 13
684 13
685 13
686 13
687 13
688 13
689 13
690 13
691 13
692 13
693 13
694 13
695 13
696 13
697 13
698 13
699 13
700 13
701 13
702 13
703 13
704 13
705 13
706 13
707 13
708 13
709 13
710 13
711 13
712 13
713 13
714 13
715 13
716 13
717 13
718 13
719 13
720 14
721 14
722 14
723 14
724 14
725 14
726 14
727 14
728 14
729 14
730 14
731 14
732 14
733 14
734 14
735 14
736 14
737 14
738 14
739 14
740 14
741 14
742 14
743 14
744 14
745 14
746 14
747 14
748 14
749 14
750 14
751 14
752 14
753 14
754 14
755 14
756 14
757 14
758 14
759 14
760 14
761 14
762 14
763 14
764 14
765 14
766 14
767 14
768 14
769 14
770 14
771 14
772 14
773 14
774 14
775 14
776 14
777 14
778 14
779 14
896 17
897 17
898 17
899 17
900 17
901 17
902 17
903 17
904 17
905 17
906 17
907 17
908 17
909 17
910 17
911 17
912 17
913 17
914 17
915 17
916 17
917 17
918 17
919 17
920 17
921 17
922 17
923 17
924 17
925 17
926 17
927 17
928 17
929 17
930 17
931 17
932 17
933 17
934 17
935 17
936 17
937 17
938 17
939 17
940 17
941 17
942 17
943 17
944 17
945 17
946 17
947 17
948 17
949 17
950 17
951 17
952 17
953 18
954 18
955 18
956 18
957 18
958 18
959 18
960 18
961 18
962 18
963 18
964 18
965 18
966 18
967 18
968 18
969 18
970 18
971 18
972 18
973 18
974 18
975 18
976 18
977 18
978 18
979 18
980 18
981 18
982 18
983 18
984 18
985 18
986 18
987 18
988 18
989 18
990 18
991 18
992 18
993 18
994 18
995 18
996 18
997 18
1057 20
1058 20
1059 20
1060 20
1061 20
1062 20
1063 20
1064 20
1065 20
1066 20
1067 20
1068 20
1069 20
1070 20
1071 20
1072 20
1073 20
1074 20
1075 20
1076 20
1077 20
1078 20
1079 20
1080 20
1081 20
1082 20
1083 20
1084 20
1085 20
1086 20
1087 20
1088 20
1089 20
1090 20
1091 20
1092 20
1093 20
1094 20
1095 20
1096 20
1097 20
1098 20
1099 20
1100 20
1101 20
1102 20
1103 20
1104 20
1105 20
1106 20
1107 20
1108 20
1109 20
1110 20
1111 20
1112 20
1113 20
1114 20
1115 20
1116 21
1117 21
1118 21
1119 21
1120 21
1121 21
1122 21
1123 21
1124 21
1125 21
1126 21
1127 21
1128 21
1129 21
1130 21
1131 21
1132 21
1133 21
1134 21
1135 21
1136 21
1137 21
1138 21
1139 21
1140 21
1141 21
1142 21
1143 21
1144 21
1145 21
1146 21
1147 21
1148 21
1149 21
1150 21
1151 21
1152 21
1153 21
1154 21
1155 21
1156 21
1157 21
1158 21
1159 21
1160 21
1161 21
1162 21
1163 21
1164 21
1165 21
1166 21
1167 21
1168 21
1169 21
1170 21
1171 21
1172 21
1173 21
1174 21
1175 21
1176 22
1177 22
1178 22
1179 22
1180 22
1181 22
1182 22
1183 22
1184 22
1185 22
1186 22
1187 22
1188 22
1189 22
1190 22
1191 22
1192 22
1193 22
1194 22
1195 22
1196 22
1197 22
1198 22
1199 22
1200 22
1201 22
1202 22
1203 22
1204 22
1205 22
1206 22
1207 22
1208 22
1209 22
1210 22
1211 22
1212 22
1213 22
1214 22
1215 22
1216 22
1217 22
1218 22
1219 22
1220 22
1221 22
1222 22
1223 22
1224 22
1225 22
1226 22
1227 22
1228 22
1229 22
1230 22
1231 22
1232 23
1233 23
1234 23
1235 23
1236 23
1237 23
1238 23
1239 23
1240 23
1241 23
1242 23
1243 23
1244 23
1245 23
1246 23
1247 23
1248 23
1249 23
1250 23
1251 23
1252 23
1253 23
1254 23
1255 23
1256 23
1257 23
1258 23
1259 23
1260 23
1261 23
1262 23
1263 23
1264 23
1265 23
1266 23
1267 23
1268 23
1269 23
1270 23
1271 23
1272 23
1273 23
1274 23
1275 23
1276 23
1277 23
1278 23
1279 23
1280 23
1281 23
1282 23
1283 23
1284 23
1285 23
1286 23
1287 23
1288 23
1289 23
1290 23
1403 26
1404 26
1405 26
1406 26
1407 26
1408 26
1409 26
1410 26
1411 26
1412 26
1413 26
1414 26
1415 26
1416 26
1417 26
1418 26
1419 26
1420 26
1421 26
1422 26
1423 26
1424 26
1425 26
1426 26
1427 26
1428 26
1429 26
1430 26
1431 26
1432 26
1433 26
1434 26
1435 26
1436 26
1437 26
1438 26
1439 26
1440 26
1441 26
1442 26
1443 26
1444 26
1445 26
1446 26
1447 26
1448 26
1449 26
1450 26
1451 26
1452 26
1453 26
1454 26
1455 26
1456 26
1457 26
1458 26
1459 26
1460 26
1461 26
1462 26
1523 28
1524 28
1525 28
1526 28
1527 28
1528 28
1529 28
1530 28
1531 28
1532 28
1533 28
1534 28
1535 28
1536 28
1537 28
1538 28
1539 28
1540 28
1541 28
1542 28
1543 28
1544 28
1545 28
1546 28
1547 28
1548 28
1549 28
1550 28
1551 28
1552 28
1553 28
1554 28
1555 28
1556 28
1557 28
1558 28
1559 28
1560 28
1561 28
1562 28
1563 28
1564 28
1565 28
1566 28
1567 28
1568 28
1569 28
1570 28
1571 28
1572 28
1573 28
1574 28
1575 28
1576 28
1577 28
1578 28
1579 28
1580 28
1581 28
1582 29
1583 29
1584 29
1585 29
1586 29
1587 29
1588 29
1589 29
1590 29
1591 29
1592 29
1593 29
1594 29
1595 29
1596 29
1597 29
1598 29
1599 29
1600 29
1601 29
1602 29
1603 29
1604 29
1605 29
1606 29
1607 29
1608 29
1609 29
1610 29
1611 29
1612 29
1613 29
1614 29
1615 29
1616 29
1617 29
1618 29
1619 29
1620 29
1621 29
1622 29
1623 29
1624 29
1625 29
1626 29
1627 29
1628 29
1629 29
1630 29
1631 29
1632 29
1633 29
1634 29
1635 29
1636 29
1637 29
1638 29
1639 29
1640 29
1641 29
1702 31
1703 31
1704 31
1705 31
1706 31
1707 31
1708 31
1709 31
1710 31
1711 31
1712 31
1713 31
1714 31
1715 31
1716 31
1717 31
1718 31
1719 31
1720 31
1721 31
1722 31
1723 31
1724 31
1725 31
1726 31
1727 31
1728 31
1729 31
1730 31
1731 31
1732 31
1733 31
1734 31
1735 31
1736 31
1737 31
1738 31
1739 31
1740 31
1741 31
1742 31
1743 31
1744 31
1745 31
1746 31
1747 31
1748 31
1749 31
1750 31
1751 31
1752 31
1753 31
1754 31
1755 31
1756 31
1757 31
1758 31
1759 31
1760 31
1761 31
1815 33
1816 33
1817 33
1818 33
1819 33
1820 33
1821 33
1822 33
1823 33
1824 33
1825 33
1826 33
1827 33
1828 33
1829 33
1830 33
1831 33
1832 33
1833 33
1834 33
1835 33
1836 33
1837 33
1838 33
1839 33
1840 33
1841 33
1842 33
1843 33
1844 33
1845 33
1846 33
1847 33
1848 33
1849 33
1850 33
1851 33
1852 33
1853 33
1854 33
1855 33
1856 33
1857 33
1858 33
1859 33
1860 33
1861 33
1862 33
1863 33
1864 33
1865 33
1866 33
1867 33
1868 33
1869 33
1870 33
1871 33
1872 33
1873 33
1874 34
1875 34
1876 34
1877 34
1878 34
1879 34
1880 34
1881 34
1882 34
1883 34
1884 34
1885 34
1886 34
1887 34
1888 34
1889 34
1890 34
1891 34
1892 34
1893 34
1894 34
1895 34
1896 34
1897 34
1898 34
1899 34
1900 34
1901 34
1902 34
1903 34
1904 34
1905 34
1906 34
1907 34
1908 34
1909 34
1910 34
1911 34
1912 34
1913 34
1914 34
1915 34
1916 34
1917 34
1918 34
1919 34
1920 34
1921 34
1922 34
1923 34
1924 34
1925 34
1926 34
1927 34
1928 34
1929 34
1930 34
1931 34
1932 34
1993 36
1994 36
1995 36
1996 36
1997 36
1998 36
1999 36
2000 36
2001 36
2002 36
2003 36
2004 36
2005 36
2006 36
2007 36
2008 36
2009 36
2010 36
2011 36
2012 36
2013 36
2014 36
2015 36
2016 36
2017 36
2018 36
2019 36
2020 36
2021 36
2022 36
2023 36
2024 36
2025 36
2026 36
2027 36
2028 36
2029 36
2030 36
2031 36
2032 36
2033 36
2034 36
2035 36
2036 36
2037 36
2038 36
2039 36
2040 36
2041 36
2042 36
2043 36
2044 36
2045 36
2046 36
2047 36
2048 36
2049 36
2050 36
2051 36
2052 36
2112 38
2113 38
2114 38
2115 38
2116 38
2117 38
2118 38
2119 38
2120 38
2121 38
2122 38
2123 38
2124 38
2125 38
2126 38
2127 38
2128 38
2129 38
2130 38
2131 38
2132 38
2133 38
2134 38
2135 38
2136 38
2137 38
2138 38
2139 38
2140 38
2141 38
2142 38
2143 38
2144 38
2145 38
2146 38
2147 38
2148 38
2149 38
2150 38
2151 38
2152 38
2153 38
2154 38
2155 38
2156 38
2157 38
2158 38
2159 38
2160 38
2161 38
2162 38
2163 38
2164 38
2165 38
2166 38
2167 38
2168 38
2169 38
2170 38
2171 38
2470 44
2471 44
2472 44
2473 44
2474 44
2475 44
2476 44
2477 44
2478 44
2479 44
2480 44
2481 44
2482 44
2483 44
2484 44
2485 44
2486 44
2487 44
2488 44
2489 44
2490 44
2491 44
2492 44
2493 44
2494 44
2495 44
2496 44
2497 44
2498 44
2499 44
2500 44
2501 44
2502 44
2503 44
2504 44
2505 44
2506 44
2507 44
2508 44
2509 44
2510 44
2511 44
2512 44
2513 44
2514 44
2515 44
2516 44
2517 44
2518 44
2519 44
2520 44
2521 44
2522 44
2523 44
2524 44
2525 44
2526 44
2527 44
2528 44
2529 44
2530 45
2531 45
2532 45
2533 45
2534 45
2535 45
2536 45
2537 45
2538 45
2539 45
2540 45
2541 45
2542 45
2543 45
2544 45
2545 45
2546 45
2547 45
2548 45
2549 45
2550 45
2551 45
2552 45
2553 45
2554 45
2555 45
2556 45
2557 45
2558 45
2559 45
2560 45
2561 45
2562 45
2563 45
2564 45
2565 45
2566 45
2567 45
2568 45
2569 45
2570 45
2571 45
2572 45
2573 45
2574 45
2575 45
2576 45
2577 45
2578 45
2579 45
2580 45
2581 45
2582 45
2583 45
2584 45
2585 45
2586 45
2587 45
2588 45
2589 45
2590 46
2591 46
2592 46
2593 46
2594 46
2595 46
2596 46
2597 46
2598 46
2599 46
2600 46
2601 46
2602 46
2603 46
2604 46
2605 46
2606 46
2607 46
2608 46
2609 46
2610 46
2611 46
2612 46
2613 46
2614 46
2615 46
2616 46
2617 46
2618 46
2619 46
2620 46
2621 46
2622 46
2623 46
2624 46
2625 46
2626 46
2627 46
2628 46
2629 46
2630 46
2631 46
2632 46
2633 46
2634 46
2635 46
2636 46
2637 46
2638 46
2639 46
2640 46
2641 46
2642 46
2643 46
2644 46
2645 46
2646 46
2647 46
2648 46
2649 46
2710 48
2711 48
2712 48
2713 48
2714 48
2715 48
2716 48
2717 48
2718 48
2719 48
2720 48
2721 48
2722 48
2723 48
2724 48
2725 48
2726 48
2727 48
2728 48
2729 48
2730 48
2731 48
2732 48
2733 48
2734 48
2735 48
2736 48
2737 48
2738 48
2739 48
2740 48
2741 48
2742 48
2743 48
2744 48
2745 48
2746 48
2747 48
2748 48
2749 48
2750 48
2751 48
2752 48
2753 48
2754 48
2755 48
2756 48
2757 48
2758 48
2759 48
2760 48
2761 48
2762 48
2763 48
2764 48
2765 48
2766 48
2767 48
2768 48
2769 48
2770 49
2771 49
2772 49
2773 49
2774 49
2775 49
2776 49
2777 49
2778 49
2779 49
2780 49
2781 49
2782 49
2783 49
2784 49
2785 49
2786 49
2787 49
2788 49
2789 49
2790 49
2791 49
2792 49
2793 49
2794 49
2795 49
2796 49
2797 49
2798 49
2799 49
2800 49
2801 49
2802 49
2803 49
2804 49
2805 49
2806 49
2807 49
2808 49
2809 49
2810 49
2811 49
2812 49
2813 49
2814 49
2815 49
2816 49
2817 49
2818 49
2819 49
2820 49
2821 49
2822 49
2823 49
2824 49
2825 49
2826 49
2827 49
2828 49
2829 49
2890 51
2891 51
2892 51
2893 51
2894 51
2895 51
2896 51
2897 51
2898 51
2899 51
2900 51
2901 51
2902 51
2903 51
2904 51
2905 51
2906 51
2907 51
2908 51
2909 51
2910 51
2911 51
2912 51
2913 51
2914 51
2915 51
2916 51
2917 51
2918 51
2919 51
2920 51
2921 51
2922 51
2923 51
2924 51
2925 51
2926 51
2927 51
2928 51
2929 51
2930 51
2931 51
2932 51
2933 51
2934 51
2935 51
2936 51
2937 51
2938 51
2939 51
2940 51
2941 51
2942 51
2943 51
2944 51
2945 51
2946 51
2947 51
2948 51
2949 51
3070 54
3071 54
3072 54
3073 54
3074 54
3075 54
3076 54
3077 54
3078 54
3079 54
3080 54
3081 54
3082 54
3083 54
3084 54
3085 54
3086 54
3087 54
3088 54
3089 54
3090 54
3091 54
3092 54
3093 54
3094 54
3095 54
3096 54
3097 54
3098 54
3099 54
3100 54
3101 54
3102 54
3103 54
3104 54
3105 54
3106 54
3107 54
3108 54
3109 54
3110 54
3111 54
3112 54
3113 54
3114 54
3115 54
3116 54
3117 54
3118 54
3119 54
3120 54
3121 54
3122 54
3123 54
3124 54
3125 54
3126 54
3127 54
3128 54
3129 54
3310 58
3311 58
3312 58
3313 58
3314 58
3315 58
3316 58
3317 58
3318 58
3319 58
3320 58
3321 58
3322 58
3323 58
3324 58
3325 58
3326 58
3327 58
3328 58
3329 58
3330 58
3331 58
3332 58
3333 58
3334 58
3335 58
3336 58
3337 58
3338 58
3339 58
3340 58
3341 58
3342 58
3343 58
3344 58
3345 58
3346 58
3347 58
3348 58
3349 58
3350 58
3351 58
3352 58
3353 58
3354 58
3355 58
3356 58
3357 58
3358 58
3359 58
3360 58
3361 58
3362 58
3363 58
3364 58
3365 58
3366 58
3367 58
3777 66
3778 66
3779 66
3780 66
3781 66
3782 66
3783 66
3784 66
3785 66
3786 66
3787 66
3788 66
3789 66
3790 66
3791 66
3792 66
3793 66
3794 66
3795 66
3796 66
3797 66
3798 66
3799 66
3800 66
3801 66
3802 66
3803 66
3804 66
3805 66
3806 66
3807 66
3808 66
3809 66
3810 66
3811 66
3812 66
3813 66
3814 66
3815 66
3816 66
3817 66
3818 66
3819 66
3820 66
3821 66
3822 66
3823 66
3824 66
3825 66
3826 66
3827 66
3828 66
3829 66
3830 66
3831 66
3832 66
3833 66
3834 66
3835 66
3836 66
3837 67
3838 67
3839 67
3840 67
3841 67
3842 67
3843 67
3844 67
3845 67
3846 67
3847 67
3848 67
3849 67
3850 67
3851 67
3852 67
3853 67
3854 67
3855 67
3856 67
3857 67
3858 67
3859 67
3860 67
3861 67
3862 67
3863 67
3864 67
3865 67
3866 67
3867 67
3868 67
3869 67
3870 67
3871 67
3872 67
3873 67
3874 67
3875 67
3876 67
3877 67
3878 67
3879 67
3880 67
3881 67
3882 67
3883 67
3884 67
3885 67
3886 67
3887 67
3888 67
3889 67
3890 67
3891 67
3892 67
3893 67
3894 67
3895 67
3896 67
4017 70
4018 70
4019 70
4020 70
4021 70
4022 70
4023 70
4024 70
4025 70
4026 70
4027 70
4028 70
4029 70
4030 70
4031 70
4032 70
4033 70
4034 70
4035 70
4036 70
4037 70
4038 70
4039 70
4040 70
4041 70
4042 70
4043 70
4044 70
4045 70
4046 70
4047 70
4048 70
4049 70
4050 70
4051 70
4052 70
4053 70
4054 70
4055 70
4056 70
4057 70
4058 70
4059 70
4060 70
4061 70
4062 70
4063 70
4064 70
4065 70
4066 70
4067 70
4068 70
4069 70
4070 70
4071 70
4072 70
4073 70
4074 70
4075 70
4076 70
4137 72
4138 72
4139 72
4140 72
4141 72
4142 72
4143 72
4144 72
4145 72
4146 72
4147 72
4148 72
4149 72
4150 72
4151 72
4152 72
4153 72
4154 72
4155 72
4156 72
4157 72
4158 72
4159 72
4160 72
4161 72
4162 72
4163 72
4164 72
4165 72
4166 72
4167 72
4168 72
4169 72
4170 72
4171 72
4172 72
4173 72
4174 72
4175 72
4176 72
4177 72
4178 72
4179 72
4180 72
4181 72
4182 72
4183 72
4184 72
4185 72
4186 72
4187 72
4188 72
4189 72
4190 72
4191 72
4192 72
4193 72
4194 72
4195 72
4196 72
4197 73
4198 73
4199 73
4200 73
4201 73
4202 73
4203 73
4204 73
4205 73
4206 73
4207 73
4208 73
4209 73
4210 73
4211 73
4212 73
4213 73
4214 73
4215 73
4216 73
4217 73
4218 73
4219 73
4220 73
4221 73
4222 73
4223 73
4224 73
4225 73
4226 73
4227 73
4228 73
4229 73
4230 73
4231 73
4232 73
4233 73
4234 73
4235 73
4236 73
4237 73
4238 73
4239 73
4240 73
4241 73
4242 73
4243 73
4244 73
4245 73
4246 73
4247 73
4248 73
4249 73
4250 73
4251 73
4252 73
4253 73
4254 73
4255 73
4256 73
4374 76
4375 76
4376 76
4377 76
4378 76
4379 76
4380 76
4381 76
4382 76
4383 76
4384 76
4385 76
4386 76
4387 76
4388 76
4389 76
4390 76
4391 76
4392 76
4393 76
4394 76
4395 76
4396 76
4397 76
4398 76
4399 76
4400 76
4401 76
4402 76
4403 76
4404 76
4405 76
4406 76
4407 76
4408 76
4409 76
4410 76
4411 76
4412 76
4413 76
4414 76
4415 76
4416 76
4417 76
4418 76
4419 76
4420 76
4421 76
4422 76
4423 76
4424 76
4425 76
4426 76
4427 76
4428 76
4429 76
4430 76
4431 76
4432 76
4433 76
4434 77
4435 77
4436 77
4437 77
4438 77
4439 77
4440 77
4441 77
4442 77
4443 77
4444 77
4445 77
4446 77
4447 77
4448 77
4449 77
4450 77
4451 77
4452 77
4453 77
4454 77
4455 77
4456 77
4457 77
4458 77
4459 77
4460 77
4461 77
4462 77
4463 77
4464 77
4465 77
4466 77
4467 77
4468 77
4469 77
4470 77
4471 77
4472 77
4473 77
4474 77
4475 77
4476 77
4477 77
4478 77
4479 77
4480 77
4481 77
4482 77
4483 77
4484 77
4485 77
4486 77
4487 77
4488 77
4489 77
4490 77
4491 77
4492 77
4493 77
4494 78
4495 78
4496 78
4497 78
4498 78
4499 78
4500 78
4501 78
4502 78
4503 78
4504 78
4505 78
4506 78
4507 78
4508 78
4509 78
4510 78
4511 78
4512 78
4513 78
4514 78
4515 78
4516 78
4517 78
4518 78
4519 78
4520 78
4521 78
4522 78
4523 78
4524 78
4525 78
4526 78
4527 78
4528 78
4529 78
4530 78
4531 78
4532 78
4533 78
4534 78
4535 78
4536 78
4537 78
4538 78
4539 78
4540 78
4541 78
4542 78
4543 78
4544 78
4545 78
4546 78
4547 78
4548 78
4549 78
4550 78
4551 78
4552 78
4673 81
4674 81
4675 81
4676 81
4677 81
4678 81
4679 81
4680 81
4681 81
4682 81
4683 81
4684 81
4685 81
4686 81
4687 81
4688 81
4689 81
4690 81
4691 81
4692 81
4693 81
4694 81
4695 81
4696 81
4697 81
4698 81
4699 81
4700 81
4701 81
4702 81
4703 81
4704 81
4705 81
4706 81
4707 81
4708 81
4709 81
4710 81
4711 81
4712 81
4713 81
4714 81
4715 81
4716 81
4717 81
4718 81
4719 81
4720 81
4721 81
4722 81
4723 81
4724 81
4725 81
4726 81
4727 81
4728 81
4729 81
4730 81
4731 81
4732 81
4793 83
4794 83
4795 83
4796 83
4797 83
4798 83
4799 83
4800 83
4801 83
4802 83
4803 83
4804 83
4805 83
4806 83
4807 83
4808 83
4809 83
4810 83
4811 83
4812 83
4813 83
4814 83
4815 83
4816 83
4817 83
4818 83
4819 83
4820 83
4821 83
4822 83
4823 83
4824 83
4825 83
4826 83
4827 83
4828 83
4829 83
4830 83
4831 83
4832 83
4833 83
4834 83
4835 83
4836 83
4837 83
4838 83
4839 83
4840 83
4841 83
4842 83
4843 83
4844 83
4845 83
4846 83
4847 83
4848 83
4849 83
4850 83
4851 83
4852 83
4853 84
4854 84
4855 84
4856 84
4857 84
4858 84
4859 84
4860 84
4861 84
4862 84
4863 84
4864 84
4865 84
4866 84
4867 84
4868 84
4869 84
4870 84
4871 84
4872 84
4873 84
4874 84
4875 84
4876 84
4877 84
4878 84
4879 84
4880 84
4881 84
4882 84
4883 84
4884 84
4885 84
4886 84
4887 84
4888 84
4889 84
4890 84
4891 84
4892 84
4893 84
4894 84
4895 84
4896 84
4897 84
4898 84
4899 84
4900 84
4901 84
4902 84
4903 84
4904 84
4905 84
4906 85
4907 85
4908 85
4909 85
4910 85
4911 85
4912 85
4913 85
4914 85
4915 85
4916 85
4917 85
4918 85
4919 85
4920 85
4921 85
4922 85
4923 85
4924 85
4925 85
4926 85
4927 85
4928 85
4929 85
4930 85
4931 85
4932 85
4933 85
4934 85
4935 85
4936 85
4937 85
4938 85
4939 85
4940 85
4941 85
4942 85
4943 85
4944 85
4945 85
4946 85
4947 85
4948 85
4949 85
4950 85
4951 85
4952 85
4953 85
4954 85
4955 85
4956 85
4957 85
4958 85
4959 85
4960 85
4961 85
4962 85
4963 85
4964 85
4965 85
4966 86
4967 86
4968 86
4969 86
4970 86
4971 86
4972 86
4973 86
4974 86
4975 86
4976 86
4977 86
4978 86
4979 86
4980 86
4981 86
4982 86
4983 86
4984 86
4985 86
4986 86
4987 86
4988 86
4989 86
4990 86
4991 86
4992 86
4993 86
4994 86
4995 86
4996 86
4997 86
4998 86
4999 86
5000 86
5001 86
5002 86
5003 86
5004 86
5005 86
5006 86
5007 86
5008 86
5009 86
5010 86
5011 86
5012 86
5013 86
5014 86
5015 86
5016 86
5017 86
5018 86
5019 86
5020 86
5021 86
5022 86
5023 86
5024 86
5025 86
5026 87
5027 87
5028 87
5029 87
5030 87
5031 87
5032 87
5033 87
5034 87
5035 87
5036 87
5037 87
5038 87
5039 87
5040 87
5041 87
5042 87
5043 87
5044 87
5045 87
5046 87
5047 87
5048 87
5049 87
5050 87
5051 87
5052 87
5053 87
5054 87
5055 87
5056 87
5057 87
5058 87
5059 87
5060 87
5061 87
5062 87
5063 87
5064 87
5065 87
5066 87
5067 87
5068 87
5069 87
5070 87
5071 87
5072 87
5073 87
5074 87
5075 87
5076 87
5077 87
5078 87
5079 87
5080 87
5081 87
5082 87
5083 87
5084 87
5085 87
5086 88
5087 88
5088 88
5089 88
5090 88
5091 88
5092 88
5093 88
5094 88
5095 88
5096 88
5097 88
5098 88
5099 88
5100 88
5101 88
5102 88
5103 88
5104 88
5105 88
5106 88
5107 88
5108 88
5109 88
5110 88
5111 88
5112 88
5113 88
5114 88
5115 88
5116 88
5117 88
5118 88
5119 88
5120 88
5121 88
5122 88
5123 88
5124 88
5125 88
5126 88
5127 88
5128 88
5129 88
5130 88
5131 88
5132 88
5133 88
5134 88
5135 88
5136 88
5137 88
5138 88
5139 88
5140 88
5141 88
5142 88
5143 88
5144 88
5145 88
5206 90
5207 90
5208 90
5209 90
5210 90
5211 90
5212 90
5213 90
5214 90
5215 90
5216 90
5217 90
5218 90
5219 90
5220 90
5221 90
5222 90
5223 90
5224 90
5225 90
5226 90
5227 90
5228 90
5229 90
5230 90
5231 90
5232 90
5233 90
5234 90
5235 90
5236 90
5237 90
5238 90
5239 90
5240 90
5241 90
5242 90
5243 90
5244 90
5245 90
5246 90
5247 90
5248 90
5249 90
5250 90
5251 90
5252 90
5253 90
5254 90
5255 90
5256 90
5257 90
5258 90
5259 90
5260 90
5261 90
5262 90
5263 90
5264 90
5265 90
5266 91
5267 91
5268 91
5269 91
5270 91
5271 91
5272 91
5273 91
5274 91
5275 91
5276 91
5277 91
5278 91
5279 91
5280 91
5281 91
5282 91
5283 91
5284 91
5285 91
5286 91
5287 91
5288 91
5289 91
5290 91
5291 91
5292 91
5293 91
5294 91
5295 91
5296 91
5297 91
5298 91
5299 91
5300 91
5301 91
5302 91
5303 91
5304 91
5305 91
5306 91
5307 91
5308 91
5309 91
5310 91
5311 91
5312 91
5313 91
5314 91
5315 91
5316 91
5317 91
5318 91
5319 91
5320 91
5321 91
5322 91
5323 91
5324 91
5325 91
5326 92
5327 92
5328 92
5329 92
5330 92
5331 92
5332 92
5333 92
5334 92
5335 92
5336 92
5337 92
5338 92
5339 92
5340 92
5341 92
5342 92
5343 92
5344 92
5345 92
5346 92
5347 92
5348 92
5349 92
5350 92
5351 92
5352 92
5353 92
5354 92
5355 92
5356 92
5357 92
5358 92
5359 92
5360 92
5361 92
5362 92
5363 92
5364 92
5365 92
5366 92
5367 92
5368 92
5369 92
5370 92
5371 92
5372 92
5373 92
5374 92
5375 92
5376 92
5377 92
5378 92
5379 92
5380 92
5381 92
5382 92
5383 92
5384 92
5385 92
5386 93
5387 93
5388 93
5389 93
5390 93
5391 93
5392 93
5393 93
5394 93
5395 93
5396 93
5397 93
5398 93
5399 93
5400 93
5401 93
5402 93
5403 93
5404 93
5405 93
5406 93
5407 93
5408 93
5409 93
5410 93
5411 93
5412 93
5413 93
5414 93
5415 93
5416 93
5417 93
5418 93
5419 93
5420 93
5421 93
5422 93
5423 93
5424 93
5425 93
5426 93
5427 93
5428 93
5429 93
5430 93
5431 93
5432 93
5433 93
5434 93
5435 93
5436 93
5437 93
5438 93
5439 93
5440 93
5441 93
5442 93
5443 93
5444 93
5445 93
5446 94
5447 94
5448 94
5449 94
5450 94
5451 94
5452 94
5453 94
5454 94
5455 94
5456 94
5457 94
5458 94
5459 94
5460 94
5461 94
5462 94
5463 94
5464 94
5465 94
5466 94
5467 94
5468 94
5469 94
5470 94
5471 94
5472 94
5473 94
5474 94
5475 94
5476 94
5477 94
5478 94
5479 94
5480 94
5481 94
5482 94
5483 94
5484 94
5485 94
5486 94
5487 94
5488 94
5489 94
5490 94
5491 94
5492 94
5493 94
5494 94
5495 94
5496 94
5497 94
5498 94
5499 94
5500 94
5501 94
5502 94
5503 94
5504 94
5505 94
5506 95
5507 95
5508 95
5509 95
5510 95
5511 95
5512 95
5513 95
5514 95
5515 95
5516 95
5517 95
5518 95
5519 95
5520 95
5521 95
5522 95
5523 95
5524 95
5525 95
5526 95
5527 95
5528 95
5529 95
5530 95
5531 95
5532 95
5533 95
5534 95
5535 95
5536 95
5537 95
5538 95
5539 95
5540 95
5541 95
5542 95
5543 95
5544 95
5545 95
5546 95
5547 95
5548 95
5549 95
5550 95
5551 95
5552 95
5553 95
5554 95
5555 95
5556 95
5557 95
5558 95
5559 95
5560 95
5561 95
5562 95
5563 95
5564 95
5565 95
5745 99
5746 99
5747 99
5748 99
5749 99
5750 99
5751 99
5752 99
5753 99
5754 99
5755 99
5756 99
5757 99
5758 99
5759 99
5760 99
5761 99
5762 99
5763 99
5764 99
5765 99
5766 99
5767 99
5768 99
5769 99
5770 99
5771 99
5772 99
5773 99
5774 99
5775 99
5776 99
5777 99
5778 99
5779 99
5780 99
5781 99
5782 99
5783 99
5784 99
5785 99
5786 99
5787 99
5788 99
5789 99
5790 99
5791 99
5792 99
5793 99
5794 99
5795 99
5796 99
5797 99
5798 99
5799 99
5800 99
5801 99
5802 99
5803 99
5804 99
5805 100
5806 100
5807 100
5808 100
5809 100
5810 100
5811 100
5812 100
5813 100
5814 100
5815 100
5816 100
5817 100
5818 100
5819 100
5820 100
5821 100
5822 100
5823 100
5824 100
5825 100
5826 100
5827 100
5828 100
5829 100
5830 100
5831 100
5832 100
5833 100
5834 100
5835 100
5836 100
5837 100
5838 100
5839 100
5840 100
5841 100
5842 100
5843 100
5844 100
5845 100
5846 100
5847 100
5848 100
5849 100
5850 100
5851 100
5852 100
5853 100
5854 100
5855 100
5856 100
5857 100
5858 100
5859 100
5860 100
5861 100
5862 100
5863 100
5864 100
5915 102
5916 102
5917 102
5918 102
5919 102
5920 102
5921 102
5922 102
5923 102
5924 102
5925 102
5926 102
5927 102
5928 102
5929 102
5930 102
5931 102
5932 102
5933 102
5934 102
5935 102
5936 102
5937 102
5938 102
5939 102
5940 102
5941 102
5942 102
5943 102
5944 102
5945 102
5946 102
5947 102
5948 102
5949 102
5950 102
5951 102
5952 102
5953 102
5954 102
5955 102
5956 102
5957 102
5958 102
5959 102
5960 102
5961 102
5962 102
5963 102
5964 102
5965 102
5966 102
5967 102
5968 102
5969 102
5970 102
5971 102
5972 102
5973 102
5974 102
5975 103
5976 103
5977 103
5978 103
5979 103
5980 103
5981 103
5982 103
5983 103
5984 103
5985 103
5986 103
5987 103
5988 103
5989 103
5990 103
5991 103
5992 103
5993 103
5994 103
5995 103
5996 103
5997 103
5998 103
5999 103
6000 103
6001 103
6002 103
6003 103
6004 103
6005 103
6006 103
6007 103
6008 103
6009 103
6010 103
6011 103
6012 103
6013 103
6014 103
6015 103
6016 103
6017 103
6018 103
6019 103
6020 103
6021 103
6022 103
6023 103
6024 103
6025 103
6026 103
6027 103
6028 103
6029 103
6030 103
6031 103
6032 103
6033 103
6034 103
6035 104
6036 104
6037 104
6038 104
6039 104
6040 104
6041 104
6042 104
6043 104
6044 104
6045 104
6046 104
6047 104
6048 104
6049 104
6050 104
6051 104
6052 104
6053 104
6054 104
6055 104
6056 104
6057 104
6058 104
6059 104
6060 104
6061 104
6062 104
6063 104
6064 104
6065 104
6066 104
6067 104
6068 104
6069 104
6070 104
6071 104
6072 104
6073 104
6074 104
6075 104
6076 104
6077 104
6078 104
6079 104
6080 104
6081 104
6082 104
6083 104
6084 104
6085 104
6086 104
6087 104
6088 104
6089 104
6090 104
6091 104
6092 104
6093 104
6094 104
6095 105
6096 105
6097 105
6098 105
6099 105
6100 105
6101 105
6102 105
6103 105
6104 105
6105 105
6106 105
6107 105
6108 105
6109 105
6110 105
6111 105
6112 105
6113 105
6114 105
6115 105
6116 105
6117 105
6118 105
6119 105
6120 105
6121 105
6122 105
6123 105
6124 105
6125 105
6126 105
6127 105
6128 105
6129 105
6130 105
6131 105
6132 105
6133 105
6134 105
6135 105
6136 105
6137 105
6138 105
6139 105
6140 105
6141 105
6142 105
6143 105
6144 106
6145 106
6146 106
6147 106
6148 106
6149 106
6150 106
6151 106
6152 106
6153 106
6154 106
6155 106
6156 106
6157 106
6158 106
6159 106
6160 106
6161 106
6162 106
6163 106
6164 106
6165 106
6166 106
6167 106
6168 106
6169 106
6170 106
6171 106
6172 106
6173 106
6174 106
6175 106
6176 106
6177 106
6178 106
6179 106
6180 106
6181 106
6182 106
6183 106
6184 106
6185 106
6186 106
6187 106
6188 106
6189 106
6190 106
6191 106
6192 106
6193 106
6194 106
6195 106
6196 106
6197 106
6198 106
6199 106
6200 106
6201 106
6202 106
6203 106
6204 107
6205 107
6206 107
6207 107
6208 107
6209 107
6210 107
6211 107
6212 107
6213 107
6214 107
6215 107
6216 107
6217 107
6218 107
6219 107
6220 107
6221 107
6222 107
6223 107
6224 107
6225 107
6226 107
6227 107
6228 107
6229 107
6230 107
6231 107
6232 107
6233 107
6234 107
6235 107
6236 107
6237 107
6238 107
6239 107
6240 107
6241 107
6242 107
6243 107
6244 107
6245 107
6246 107
6247 107
6248 107
6249 107
6250 107
6251 107
6252 107
6253 107
6254 107
6255 107
6256 107
6257 107
6258 107
6259 107
6260 107
6261 107
6262 107
6263 108
6264 108
6265 108
6266 108
6267 108
6268 108
6269 108
6270 108
6271 108
6272 108
6273 108
6274 108
6275 108
6276 108
6277 108
6278 108
6279 108
6280 108
6281 108
6282 108
6283 108
6284 108
6285 108
6286 108
6287 108
6288 108
6289 108
6290 108
6291 108
6292 108
6293 108
6294 108
6295 108
6296 108
6297 108
6298 108
6299 108
6300 108
6301 108
6302 108
6303 108
6304 108
6305 108
6306 108
6307 108
6308 108
6309 108
6310 108
6311 108
6312 108
6313 108
6314 108
6315 108
6316 108
6317 108
6318 108
6319 108
6320 108
6321 108
6322 108
6323 109
6324 109
6325 109
6326 109
6327 109
6328 109
6329 109
6330 109
6331 109
6332 109
6333 109
6334 109
6335 109
6336 109
6337 109
6338 109
6339 109
6340 109
6341 109
6342 109
6343 109
6344 109
6345 109
6346 109
6347 109
6348 109
6349 109
6350 109
6351 109
6352 109
6353 109
6354 109
6355 109
6356 109
6357 109
6358 109
6359 109
6360 109
6361 109
6362 109
6363 109
6364 109
6365 109
6366 109
6367 109
6368 109
6369 109
6370 109
6371 109
6372 109
6373 109
6374 109
6375 109
6376 109
6377 109
6378 109
6379 109
6380 109
6381 109
6382 109
6383 110
6384 110
6385 110
6386 110
6387 110
6388 110
6389 110
6390 110
6391 110
6392 110
6393 110
6394 110
6395 110
6396 110
6397 110
6398 110
6399 110
6400 110
6401 110
6402 110
6403 110
6404 110
6405 110
6406 110
6407 110
6408 110
6409 110
6410 110
6411 110
6412 110
6413 110
6414 110
6415 110
6416 110
6417 110
6418 110
6419 110
6420 110
6421 110
6422 110
6423 110
6424 110
6425 110
6426 110
6427 110
6428 110
6429 110
6430 110
6431 110
6432 110
6433 110
6434 110
6435 110
6436 110
6437 110
6438 110
6439 110
6440 110
6441 110
6442 110
6503 112
6504 112
6505 112
6506 112
6507 112
6508 112
6509 112
6510 112
6511 112
6512 112
6513 112
6514 112
6515 112
6516 112
6517 112
6518 112
6519 112
6520 112
6521 112
6522 112
6523 112
6524 112
6525 112
6526 112
6527 112
6528 112
6529 112
6530 112
6531 112
6532 112
6533 112
6534 112
6535 112
6536 112
6537 112
6538 112
6539 112
6540 112
6541 112
6542 112
6543 112
6544 112
6545 112
6546 112
6547 112
6548 112
6549 112
6550 112
6551 112
6552 112
6553 112
6554 112
6555 112
6556 112
6557 112
6558 112
6559 112
6560 112
6561 112
6562 112
7567 130
7568 130
7569 130
7570 130
7571 130
7572 130
7573 130
7574 130
7575 130
7576 130
7577 130
7578 130
7579 130
7580 130
7581 130
7582 130
7583 130
7584 130
7585 130
7586 130
7587 130
7588 130
7589 130
7590 130
7591 130
7592 130
7593 130
7594 130
7595 130
7596 130
7597 130
7598 130
7599 130
7600 130
7601 130
7602 130
7603 130
7604 130
7605 130
7606 130
7607 130
7608 130
7609 130
7610 130
7611 130
7612 130
7613 130
7614 130
7615 130
7616 130
7617 130
7618 130
7619 130
7620 130
7621 130
7622 130
7623 130
7624 130
7625 130
7626 130
7807 134
7808 134
7809 134
7810 134
7811 134
7812 134
7813 134
7814 134
7815 134
7816 134
7817 134
7818 134
7819 134
7820 134
7821 134
7822 134
7823 134
7824 134
7825 134
7826 134
7827 134
7828 134
7829 134
7830 134
7831 134
7832 134
7833 134
7834 134
7835 134
7836 134
7837 134
7838 134
7839 134
7840 134
7841 134
7842 134
7843 134
7844 134
7845 134
7846 134
7847 134
7848 134
7849 134
7850 134
7851 134
7852 134
7853 134
7854 134
7855 134
7856 134
7857 134
7858 134
7859 134
7860 134
7861 134
7862 134
7863 134
7864 134
7865 134
7866 134
7867 135
7868 135
7869 135
7870 135
7871 135
7872 135
7873 135
7874 135
7875 135
7876 135
7877 135
7878 135
7879 135
7880 135
7881 135
7882 135
7883 135
7884 135
7885 135
7886 135
7887 135
7888 135
7889 135
7890 135
7891 135
7892 135
7893 135
7894 135
7895 135
7896 135
7897 135
7898 135
7899 135
7900 135
7901 135
7902 135
7903 135
7904 135
7905 135
7906 135
7907 135
7908 135
7909 135
7910 135
7911 135
7912 135
7913 135
7914 135
7915 135
7916 135
7917 135
7918 135
7919 135
7920 135
7921 135
7922 135
7923 135
7924 135
7925 135
8166 140
8167 140
8168 140
8169 140
8170 140
8171 140
8172 140
8173 140
8174 140
8175 140
8176 140
8177 140
8178 140
8179 140
8180 140
8181 140
8182 140
8183 140
8184 140
8185 140
8186 140
8187 140
8188 140
8189 140
8190 140
8191 140
8192 140
8193 140
8194 140
8195 140
8196 140
8197 140
8198 140
8199 140
8200 140
8201 140
8202 140
8203 140
8204 140
8205 140
8206 140
8207 140
8208 140
8209 140
8210 140
8211 140
8212 140
8213 140
8214 140
8215 140
8216 140
8217 140
8218 140
8219 140
8220 140
8221 140
8222 140
8223 140
8224 140
8225 140
8284 142
8285 142
8286 142
8287 142
8288 142
8289 142
8290 142
8291 142
8292 142
8293 142
8294 142
8295 142
8296 142
8297 142
8298 142
8299 142
8300 142
8301 142
8302 142
8303 142
8304 142
8305 142
8306 142
8307 142
8308 142
8309 142
8310 142
8311 142
8312 142
8313 142
8314 142
8315 142
8316 142
8317 142
8318 142
8319 142
8320 142
8321 142
8322 142
8323 142
8324 142
8325 142
8326 142
8327 142
8328 142
8329 142
8330 142
8331 142
8332 142
8333 142
8334 142
8335 142
8336 142
8337 142
8338 142
8339 142
8340 142
8341 142
8342 142
8343 142
8404 144
8405 144
8406 144
8407 144
8408 144
8409 144
8410 144
8411 144
8412 144
8413 144
8414 144
8415 144
8416 144
8417 144
8418 144
8419 144
8420 144
8421 144
8422 144
8423 144
8424 144
8425 144
8426 144
8427 144
8428 144
8429 144
8430 144
8431 144
8432 144
8433 144
8434 144
8435 144
8436 144
8437 144
8438 144
8439 144
8440 144
8441 144
8442 144
8443 144
8444 144
8445 144
8446 144
8447 144
8448 144
8449 144
8450 144
8451 144
8452 144
8453 144
8454 144
8455 144
8456 144
8457 144
8458 144
8459 144
8460 144
8461 144
8462 144
8463 144
8464 145
8465 145
8466 145
8467 145
8468 145
8469 145
8470 145
8471 145
8472 145
8473 145
8474 145
8475 145
8476 145
8477 145
8478 145
8479 145
8480 145
8481 145
8482 145
8483 145
8484 145
8485 145
8486 145
8487 145
8488 145
8489 145
8490 145
8491 145
8492 145
8493 145
8494 145
8495 145
8496 145
8497 145
8498 145
8499 145
8500 145
8501 145
8502 145
8503 145
8504 145
8505 145
8506 145
8507 145
8508 145
8509 145
8510 145
8511 145
8512 145
8513 145
8514 145
8515 145
8516 145
8517 145
8518 145
8519 145
8520 145
8521 145
8522 145
8523 145
8644 148
8645 148
8646 148
8647 148
8648 148
8649 148
8650 148
8651 148
8652 148
8653 148
8654 148
8655 148
8656 148
8657 148
8658 148
8659 148
8660 148
8661 148
8662 148
8663 148
8664 148
8665 148
8666 148
8667 148
8668 148
8669 148
8670 148
8671 148
8672 148
8673 148
8674 148
8675 148
8676 148
8677 148
8678 148
8679 148
8680 148
8681 148
8682 148
8683 148
8684 148
8685 148
8686 148
8687 148
8688 148
8689 148
8690 148
8691 148
8692 148
8693 148
8694 148
8695 148
8696 148
8697 148
8698 148
8699 148
8700 148
8701 148
8702 148
8703 148
8704 149
8705 149
8706 149
8707 149
8708 149
8709 149
8710 149
8711 149
8712 149
8713 149
8714 149
8715 149
8716 149
8717 149
8718 149
8719 149
8720 149
8721 149
8722 149
8723 149
8724 149
8725 149
8726 149
8727 149
8728 149
8729 149
8730 149
8731 149
8732 149
8733 149
8734 149
8735 149
8736 149
8737 149
8738 149
8739 149
8740 149
8741 149
8742 149
8743 149
8744 149
8745 149
8746 149
8747 149
8748 149
8749 149
8750 149
8751 149
8752 149
8753 149
8754 149
8755 149
8756 149
8757 149
8758 149
8759 149
8760 149
8761 149
8762 149
8823 151
8824 151
8825 151
8826 151
8827 151
8828 151
8829 151
8830 151
8831 151
8832 151
8833 151
8834 151
8835 151
8836 151
8837 151
8838 151
8839 151
8840 151
8841 151
8842 151
8843 151
8844 151
8845 151
8846 151
8847 151
8848 151
8849 151
8850 151
8851 151
8852 151
8853 151
8854 151
8855 151
8856 151
8857 151
8858 151
8859 151
8860 151
8861 151
8862 151
8863 151
8864 151
8865 151
8866 151
8867 151
8868 151
8869 151
8870 151
8871 151
8872 151
8873 151
10662 182
10663 182
10664 182
10665 182
10666 182
10667 182
10668 182
10669 182
10670 182
10671 182
10672 182
10673 182
10674 182
10675 182
10676 182
10677 182
10678 182
10679 182
10680 182
10681 182
10682 182
10683 182
10684 182
10685 182
10686 182
10687 182
10688 182
10689 182
10690 182
10691 182
10692 182
10693 182
10694 182
10695 182
10696 182
10697 182
10698 182
10699 182
10700 182
10701 182
10702 182
10703 182
10704 182
10705 182
10706 182
10707 182
10708 182
10709 182
10710 182
10711 182
10712 182
10713 182
10714 182
10715 182
10716 182
10717 182
10718 182
10719 182
10720 182
10721 182
10782 184
10783 184
10784 184
10785 184
10786 184
10787 184
10788 184
10789 184
10790 184
10791 184
10792 184
10793 184
10794 184
10795 184
10796 184
10797 184
10798 184
10799 184
10800 184
10801 184
10802 184
10803 184
10804 184
10805 184
10806 184
10807 184
10808 184
10809 184
10810 184
10811 184
10812 184
10813 184
10814 184
10815 184
10816 184
10817 184
10818 184
10819 184
10820 184
10821 184
10822 184
10823 184
10824 184
10825 184
10826 184
10827 184
10828 184
10829 184
10830 184
10831 184
10832 184
10833 184
10834 184
10835 184
10836 184
10837 184
10838 184
10839 184
10840 184
10841 184
10842 185
10843 185
10844 185
10845 185
10846 185
10847 185
10848 185
10849 185
10850 185
10851 185
10852 185
10853 185
10854 185
10855 185
10856 185
10857 185
10858 185
10859 185
10860 185
10861 185
10862 185
10863 185
10864 185
10865 185
10866 185
10867 185
10868 185
10869 185
10870 185
10871 185
10872 185
10873 185
10874 185
10875 185
10876 185
10877 185
10878 185
10879 185
10880 185
10881 185
10882 185
10883 185
10884 185
10885 185
10886 185
10887 185
10888 185
10889 185
10890 185
10891 185
10892 185
10893 185
10894 185
10895 185
10896 185
10897 185
10898 185
10899 185
10900 185
10901 185
10902 186
10903 186
10904 186
10905 186
10906 186
10907 186
10908 186
10909 186
10910 186
10911 186
10912 186
10913 186
10914 186
10915 186
10916 186
10917 186
10918 186
10919 186
10920 186
10921 186
10922 186
10923 186
10924 186
10925 186
10926 186
10927 186
10928 186
10929 186
10930 186
10931 186
10932 186
10933 186
10934 186
10935 186
10936 186
10937 186
10938 186
10939 186
10940 186
10941 186
10942 186
10943 186
10944 186
10945 186
10946 186
10947 186
10948 186
10949 186
10950 186
10951 186
10952 186
10953 186
10954 186
10955 186
10956 186
10957 186
10958 186
10959 186
10960 186
10961 186
11012 188
11013 188
11014 188
11015 188
11016 188
11017 188
11018 188
11019 188
11020 188
11021 188
11022 188
11023 188
11024 188
11025 188
11026 188
11027 188
11028 188
11029 188
11030 188
11031 188
11032 188
11033 188
11034 188
11035 188
11036 188
11037 188
11038 188
11039 188
11040 188
11041 188
11042 188
11043 188
11044 188
11045 188
11046 188
11047 188
11048 188
11049 188
11050 188
11051 188
11052 188
11053 188
11054 188
11055 188
11056 188
11057 188
11058 188
11059 188
11060 188
11061 188
11062 188
11063 188
11064 188
11065 188
11066 188
11067 188
11068 188
11069 188
11070 188
11071 188
11669 199
11670 199
11671 199
11672 199
11673 199
11674 199
11675 199
11676 199
11677 199
11678 199
11679 199
11680 199
11681 199
11682 199
11683 199
11684 199
11685 199
11686 199
11687 199
11688 199
11689 199
11690 199
11691 199
11692 199
11693 199
11694 199
11695 199
11696 199
11697 199
11698 199
11699 199
11700 199
11701 199
11702 199
11703 199
11704 199
11705 199
11706 199
11707 199
11708 199
11709 199
11710 199
11711 199
11712 199
11713 199
11714 199
11715 199
11716 199
11717 199
11718 199
11719 199
11720 199
11721 199
11722 199
11723 199
11724 199
11725 199
11726 199
11727 199
11728 199
11729 200
11730 200
11731 200
11732 200
11733 200
11734 200
11735 200
11736 200
11737 200
11738 200
11739 200
11740 200
11741 200
11742 200
11743 200
11744 200
11745 200
11746 200
11747 200
11748 200
11749 200
11750 200
11751 200
11752 200
11753 200
11754 200
11755 200
11756 200
11757 200
11758 200
11759 200
11760 200
11761 200
11762 200
11763 200
11764 200
11765 200
11766 200
11767 200
11768 200
11769 200
11770 200
11771 200
11772 200
11773 200
11774 200
11775 200
11776 200
11777 200
11778 200
11779 200
11780 200
11781 200
11782 200
11783 200
11784 200
11785 200
11786 200
11787 200
11788 200
